     0.000     0.005490
     1.024     0.005080
     2.004     0.004896
     3.004     0.004887
     4.013     0.004875
     5.004     0.004876
     6.004     0.004828
     7.021     0.004694
     8.004     0.004657
     9.004     0.004629
    10.009     0.004583
    11.004     0.004522
    12.004     0.004482
    13.019     0.004451
    14.019     0.004453
    15.004     0.004422
    16.005     0.004384
    17.017     0.004365
    18.003     0.004318
    19.004     0.004303
    20.016     0.004302
    21.004     0.004268
    22.004     0.004254
    23.014     0.004192
    24.004     0.004177
    25.004     0.004154
    26.012     0.004121
    27.004     0.004099
    28.004     0.004081
    29.060     0.004059
    30.004     0.004060
    31.003     0.004046
    32.008     0.004030
    33.004     0.004015
    34.007     0.003995
    35.056     0.003967
    36.003     0.003960
    37.004     0.003947
    38.005     0.003905
    39.003     0.003897
    40.021     0.003903
    41.052     0.003880
    42.004     0.003884
    43.004     0.003878
    44.019     0.003864
    45.003     0.003849
    46.017     0.003839
    47.017     0.003829
    48.004     0.003808
    49.004     0.003786
    50.015     0.003764
    51.004     0.003770
    52.004     0.003763
    53.013     0.003769
    54.004     0.003733
    55.004     0.003740
    56.012     0.003731
    57.004     0.003730
    58.004     0.003712
    59.010     0.003699
    60.019     0.003670
    61.004     0.003680
    62.040     0.003679
    63.017     0.003676
    64.004     0.003659
    65.004     0.003644
    66.016     0.003640
    67.004     0.003611
    68.036     0.003602
    69.014     0.003600
    70.004     0.003594
    71.004     0.003592
    72.012     0.003569
    73.004     0.003559
    74.033     0.003568
    75.003     0.003554
    76.004     0.003541
    77.004     0.003514
    78.004     0.003504
    79.004     0.003492
    80.004     0.003492
    81.004     0.003475
    82.004     0.003466
    83.004     0.003460
    84.004     0.003461
    85.004     0.003452
    86.003     0.003440
    87.004     0.003432
    88.004     0.003410
    89.004     0.003402
    90.005     0.003389
    91.021     0.003388
    92.004     0.003364
    93.004     0.003361
    94.009     0.003354
    95.020     0.003349
    96.004     0.003345
    97.007     0.003328
    98.004     0.003319
    99.019     0.003311
   100.005     0.003317
   101.018     0.003323
   102.067     0.003294
   103.014     0.003287
   104.004     0.003283
   105.016     0.003267
   106.004     0.003278
   107.014     0.003275
   108.014     0.003267
   109.010     0.003233
   110.004     0.003237
   111.012     0.003220
   112.008     0.003205
   113.004     0.003199
   114.010     0.003197
   115.006     0.003201
   116.004     0.003189
   117.009     0.003175
   118.005     0.003175
   119.004     0.003173
   120.007     0.003156
   121.004     0.003147
   122.004     0.003137
   123.054     0.003128
   124.004     0.003131
   125.020     0.003125
   126.003     0.003112
   127.004     0.003106
   128.019     0.003093
   129.051     0.003088
   130.004     0.003090
   131.017     0.003072
   132.004     0.003067
   133.004     0.003056
   134.015     0.003044
   135.047     0.003039
   136.004     0.003047
   137.013     0.003044
   138.004     0.003036
   139.004     0.003026
   140.012     0.003019
   141.004     0.003003
   142.004     0.002995
   143.004     0.002994
   144.004     0.002990
   145.004     0.002998
   146.004     0.002988
   147.004     0.002975
   148.004     0.002967
   149.004     0.002956
   150.004     0.002958
   151.004     0.002955
   152.004     0.002930
   153.003     0.002932
   154.004     0.002919
   155.004     0.002905
   156.035     0.002904
   157.004     0.002900
   158.004     0.002896
   159.010     0.002874
   160.004     0.002877
   161.003     0.002862
   162.031     0.002859
   163.004     0.002851
   164.004     0.002853
   165.017     0.002848
   166.004     0.002858
   167.004     0.002830
   168.028     0.002819
   169.004     0.002824
   170.004     0.002808
   171.013     0.002807
   172.003     0.002798
   173.004     0.002789
   174.011     0.002796
   175.004     0.002794
   176.004     0.002782
   177.009     0.002781
   178.004     0.002777
   179.004     0.002779
   180.008     0.002776
   181.004     0.002760
   182.004     0.002763
   183.006     0.002751
   184.069     0.002763
   185.003     0.002766
   186.004     0.002753
   187.018     0.002754
   188.004     0.002767
   189.016     0.002754
   190.065     0.002751
   191.004     0.002740
   192.004     0.002733
   193.014     0.002739
   194.004     0.002732
   195.012     0.002713
   196.062     0.002716
   197.003     0.002707
   198.004     0.002705
   199.011     0.002701
   200.004     0.002691
   201.009     0.002693
   202.009     0.002687
   203.004     0.002676
   204.004     0.002672
   205.007     0.002656
   206.004     0.002648
   207.004     0.002632
   208.005     0.002597
   209.004     0.002625
   210.004     0.002627
   211.021     0.002614
   212.004     0.002625
   213.004     0.002616
   214.019     0.002627
   215.004     0.002617
   216.004     0.002599
   217.049     0.002609
   218.004     0.002613
   219.004     0.002613
   220.015     0.002602
   221.004     0.002593
   222.014     0.002592
   223.046     0.002586
   224.003     0.002581
   225.003     0.002582
   226.012     0.002577
   227.019     0.002570
   228.010     0.002554
   229.042     0.002545
   230.018     0.002545
   231.004     0.002551
   232.008     0.002551
   233.016     0.002556
   234.007     0.002545
   235.004     0.002536
   236.014     0.002535
   237.004     0.002548
   238.005     0.002540
   239.012     0.002545
   240.004     0.002538
   241.004     0.002519
   242.010     0.002521
   243.004     0.002509
   244.004     0.002495
   245.009     0.002495
   246.004     0.002493
   247.004     0.002494
   248.004     0.002494
   249.004     0.002479
   250.030     0.002489
   251.003     0.002494
   252.003     0.002470
   253.004     0.002487
   254.004     0.002475
   255.003     0.002476
   256.027     0.002468
   257.004     0.002473
   258.021     0.002470
   259.004     0.002473
   260.004     0.002455
   261.019     0.002461
   262.022     0.002463
   263.004     0.002458
   264.007     0.002464
   265.004     0.002443
   266.004     0.002446
   267.006     0.002444
   268.003     0.002442
   269.020     0.002440
   270.004     0.002421
   271.004     0.002425
   272.018     0.002414
   273.012     0.002416
   274.004     0.002406
   275.016     0.002399
   276.010     0.002398
   277.004     0.002404
   278.064     0.002401
   279.008     0.002403
   280.004     0.002404
   281.013     0.002402
   282.007     0.002391
   283.011     0.002392
   284.060     0.002390
   285.005     0.002389
   286.004     0.002371
   287.009     0.002377
   288.004     0.002368
   289.007     0.002363
   290.057     0.002348
   291.004     0.002354
   292.011     0.002346
   293.005     0.002351
   294.004     0.002341
   295.004     0.002352
   296.004     0.002347
   297.003     0.002335
   298.017     0.002334
   299.004     0.002325
   300.003     0.002317
   301.015     0.002311
   302.005     0.002312
   303.004     0.002301
   304.013     0.002295
   305.003     0.002299
   306.004     0.002297
   307.012     0.002285
   308.004     0.002284
   309.004     0.002278
   310.004     0.002276
   311.044     0.002261
   312.004     0.002266
   313.003     0.002258
   314.004     0.002253
   315.004     0.002246
   316.009     0.002237
   317.041     0.002221
   318.003     0.002225
   319.004     0.002230
   320.004     0.002237
   321.003     0.002245
   322.005     0.002250
   323.037     0.002241
   324.004     0.002247
   325.004     0.002253
   326.020     0.002250
   327.004     0.002237
   328.004     0.002236
   329.009     0.002238
   330.004     0.002216
   331.003     0.002229
   332.007     0.002234
   333.003     0.002241
   334.004     0.002244
   335.015     0.002235
   336.004     0.002225
   337.004     0.002219
   338.013     0.002209
   339.004     0.002215
   340.004     0.002202
   341.011     0.002199
   342.003     0.002188
   343.003     0.002195
   344.024     0.002196
   345.004     0.002200
   346.004     0.002193
   347.008     0.002195
   348.004     0.002187
   349.004     0.002172
   350.021     0.002164
   351.004     0.002165
   352.004     0.002153
   353.004     0.002162
   354.020     0.002166
   355.004     0.002165
   356.018     0.002161
   357.018     0.002152
   358.004     0.002154
   359.004     0.002155
   360.016     0.002148
   361.004     0.002158
   362.003     0.002155
   363.015     0.002155
   364.004     0.002141
   365.004     0.002141
   366.013     0.002138
   367.004     0.002133
   368.004     0.002123
   369.011     0.002137
   370.004     0.002134
   371.003     0.002131
   372.059     0.002132
   373.004     0.002139
   374.004     0.002135
   375.007     0.002132
   376.004     0.002138
   377.006     0.002130
   378.055     0.002129
   379.003     0.002131
   380.003     0.002118
   381.004     0.002120
   382.004     0.002120
   383.020     0.002119
   384.051     0.002111
   385.004     0.002112
   386.003     0.002103
   387.018     0.002109
   388.004     0.002114
   389.016     0.002118
   390.016     0.002114
   391.004     0.002104
   392.003     0.002108
   393.014     0.002107
   394.010     0.002110
   395.004     0.002110
   396.012     0.002103
   397.018     0.002113
   398.004     0.002098
   399.010     0.002090
   400.016     0.002087
   401.004     0.002095
   402.009     0.002094
   403.014     0.002078
   404.004     0.002088
   405.039     0.002085
   406.012     0.002084
   407.005     0.002074
   408.004     0.002063
   409.011     0.002069
   410.004     0.002083
   411.035     0.002080
   412.009     0.002087
   413.004     0.002082
   414.003     0.002081
   415.007     0.002050
   416.004     0.002053
   417.032     0.002051
   418.005     0.002045
   419.004     0.002037
   420.004     0.002033
   421.004     0.002044
   422.004     0.002046
   423.004     0.002041
   424.004     0.002047
   425.021     0.002036
   426.005     0.002041
   427.004     0.002040
   428.019     0.002033
   429.004     0.002048
   430.004     0.002042
   431.018     0.002047
   432.004     0.002033
   433.004     0.002040
   434.016     0.002038
   435.004     0.002020
   436.021     0.002026
   437.004     0.002022
   438.019     0.002013
   439.069     0.002017
   440.003     0.002023
   441.004     0.002024
   442.017     0.002026
   443.003     0.002015
   444.016     0.002016
   445.065     0.002008
   446.009     0.001991
   447.004     0.001989
   448.014     0.001984
   449.004     0.001981
   450.012     0.001975
   451.012     0.001981
   452.005     0.001985
   453.004     0.001978
   454.010     0.001989
   455.004     0.001988
   456.003     0.001990
   457.008     0.001984
   458.004     0.001983
   459.011     0.001978
   460.007     0.001987
   461.004     0.001982
   462.009     0.001978
   463.005     0.001964
   464.004     0.001965
   465.017     0.001973
   466.052     0.001961
   467.004     0.001962
   468.015     0.001965
   469.004     0.001970
   470.004     0.001962
   471.017     0.001961
   472.049     0.001964
   473.004     0.001962
   474.012     0.001962
   475.003     0.001959
   476.003     0.001954
   477.014     0.001943
   478.045     0.001963
   479.004     0.001957
   480.008     0.001948
   481.004     0.001946
   482.004     0.001944
   483.010     0.001957
   484.004     0.001954
   485.004     0.001945
   486.004     0.001945
   487.004     0.001944
   488.004     0.001929
   489.004     0.001938
   490.004     0.001927
   491.004     0.001934
   492.004     0.001934
   493.021     0.001937
   494.004     0.001940
   495.004     0.001937
   496.019     0.001928
   497.004     0.001939
   498.004     0.001927
   499.033     0.001926
   500.004     0.001926
   501.004     0.001918
   502.005     0.001928
   503.004     0.001918
   504.004     0.001907
   505.030     0.001901
   506.004     0.001912
   507.004     0.001903
   508.012     0.001911
   509.004     0.001902
   510.006     0.001898
   511.026     0.001899
   512.004     0.001903
   513.004     0.001903
   514.010     0.001888
   515.004     0.001889
   516.004     0.001909
   517.006     0.001914
   518.005     0.001899
   519.004     0.001899
   520.005     0.001883
   521.004     0.001892
   522.004     0.001893
   523.004     0.001890
   524.020     0.001880
   525.004     0.001891
   526.004     0.001870
   527.067     0.001891
   528.004     0.001895
   529.004     0.001886
   530.016     0.001874
   531.005     0.001871
   532.014     0.001882
   533.064     0.001873
   534.004     0.001878
   535.004     0.001883
   536.012     0.001880
   537.004     0.001885
   538.011     0.001881
   539.060     0.001874
   540.004     0.001860
   541.004     0.001859
   542.009     0.001861
   543.004     0.001871
   544.007     0.001873
   545.007     0.001863
   546.004     0.001870
   547.004     0.001860
   548.005     0.001864
   549.004     0.001870
   550.004     0.001868
   551.011     0.001868
   552.004     0.001863
   553.004     0.001868
   554.019     0.001859
   555.004     0.001857
   556.004     0.001861
   557.017     0.001859
   558.004     0.001862
   559.004     0.001850
   560.048     0.001855
   561.020     0.001859
   562.004     0.001856
   563.014     0.001868
   564.008     0.001856
   565.012     0.001836
   566.044     0.001846
   567.007     0.001831
   568.004     0.001831
   569.010     0.001829
   570.006     0.001844
   571.008     0.001827
   572.040     0.001837
   573.013     0.001841
   574.004     0.001835
   575.007     0.001827
   576.011     0.001823
   577.005     0.001815
   578.005     0.001819
   579.009     0.001835
   580.004     0.001835
   581.004     0.001824
   582.008     0.001819
   583.004     0.001820
   584.004     0.001820
   585.006     0.001821
   586.004     0.001825
   587.004     0.001816
   588.004     0.001826
   589.004     0.001828
   590.004     0.001818
   591.004     0.001831
   592.004     0.001819
   593.028     0.001814
   594.004     0.001822
   595.020     0.001808
   596.004     0.001816
   597.004     0.001823
   598.018     0.001826
   599.024     0.001828
   600.004     0.001827
   601.016     0.001821
   602.004     0.001813
   603.004     0.001810
   604.014     0.001808
   605.021     0.001811
   606.004     0.001804
   607.013     0.001819
   608.004     0.001811
   609.020     0.001810
   610.004     0.001810
   611.004     0.001803
   612.018     0.001800
   613.004     0.001799
   614.004     0.001800
   615.016     0.001807
   616.007     0.001797
   617.004     0.001794
   618.014     0.001798
   619.006     0.001792
   620.004     0.001799
   621.062     0.001796
   622.004     0.001799
   623.004     0.001782
   624.011     0.001796
   625.004     0.001801
   626.009     0.001792
   627.059     0.001798
   628.004     0.001791
   629.009     0.001788
   630.007     0.001773
   631.004     0.001764
   632.006     0.001768
   633.055     0.001763
   634.004     0.001764
   635.006     0.001774
   636.004     0.001769
   637.004     0.001769
   638.019     0.001776
   639.004     0.001770
   640.004     0.001769
   641.012     0.001780
   642.004     0.001784
   643.004     0.001773
   644.011     0.001769
   645.004     0.001776
   646.004     0.001773
   647.009     0.001760
   648.004     0.001767
   649.004     0.001768
   650.007     0.001753
   651.004     0.001758
   652.004     0.001771
   653.005     0.001775
   654.042     0.001748
   655.003     0.001756
   656.004     0.001767
   657.004     0.001769
   658.004     0.001768
   659.007     0.001755
   660.039     0.001750
   661.004     0.001749
   662.004     0.001750
   663.019     0.001748
   664.004     0.001750
   665.004     0.001748
   666.035     0.001750
   667.004     0.001750
   668.004     0.001752
   669.016     0.001739
   670.004     0.001740
   671.004     0.001743
   672.004     0.001744
   673.006     0.001761
   674.004     0.001760
   675.004     0.001742
   676.004     0.001748
   677.004     0.001744
   678.010     0.001724
   679.004     0.001737
   680.004     0.001726
   681.008     0.001742
   682.004     0.001730
   683.004     0.001730
   684.007     0.001734
   685.004     0.001734
   686.004     0.001725
   687.023     0.001722
   688.004     0.001720
   689.004     0.001730
   690.004     0.001744
   691.004     0.001739
   692.005     0.001732
   693.036     0.001728
   694.011     0.001729
   695.004     0.001729
   696.004     0.001726
   697.009     0.001723
   698.004     0.001717
   699.033     0.001717
   700.033     0.001713
   701.004     0.001712
   702.004     0.001700
   703.032     0.001705
   704.004     0.001716
   705.004     0.001713
   706.030     0.001710
   707.004     0.001711
   708.004     0.001731
   709.028     0.001730
   710.004     0.001728
   711.004     0.001715
   712.026     0.001720
   713.004     0.001718
   714.004     0.001726
   715.074     0.001730
   716.004     0.001723
   717.004     0.001735
   718.004     0.001731
   719.004     0.001718
   720.020     0.001728
   721.069     0.001741
   722.004     0.001732
   723.004     0.001718
   724.019     0.001725
   725.004     0.001714
   726.016     0.001716
   727.067     0.001704
   728.020     0.001705
   729.006     0.001709
   730.016     0.001710
   731.019     0.001717
   732.013     0.001715
   733.014     0.001719
   734.007     0.001704
   735.004     0.001708
   736.012     0.001706
   737.005     0.001715
   738.004     0.001711
   739.010     0.001714
   740.004     0.001712
   741.004     0.001701
   742.008     0.001710
   743.011     0.001707
   744.004     0.001707
   745.007     0.001698
   746.010     0.001694
   747.004     0.001696
   748.053     0.001689
   749.008     0.001697
   750.004     0.001694
   751.005     0.001695
   752.006     0.001707
   753.018     0.001695
   754.051     0.001711
   755.005     0.001709
   756.004     0.001704
   757.004     0.001703
   758.004     0.001695
   759.014     0.001694
   760.047     0.001684
   761.004     0.001688
   762.020     0.001682
   763.004     0.001695
   764.004     0.001694
   765.011     0.001688
   766.004     0.001685
   767.004     0.001678
   768.016     0.001675
   769.004     0.001674
   770.004     0.001669
   771.015     0.001670
   772.004     0.001668
   773.004     0.001679
   774.013     0.001677
   775.004     0.001686
   776.004     0.001682
   777.011     0.001684
   778.004     0.001675
   779.004     0.001676
   780.004     0.001675
   781.034     0.001679
   782.004     0.001685
   783.004     0.001660
   784.004     0.001672
   785.004     0.001661
   786.005     0.001675
   787.031     0.001680
   788.004     0.001683
   789.004     0.001670
   790.004     0.001666
   791.004     0.001661
   792.004     0.001670
   793.027     0.001660
   794.004     0.001662
   795.004     0.001662
   796.010     0.001666
   797.004     0.001660
   798.004     0.001662
   799.008     0.001660
   800.004     0.001652
   801.004     0.001655
   802.006     0.001646
   803.004     0.001656
   804.004     0.001660
   805.014     0.001649
   806.020     0.001651
   807.004     0.001647
   808.013     0.001660
   809.068     0.001709
   810.004     0.001845
   811.011     0.001846
   812.017     0.001839
   813.004     0.001844
   814.015     0.001835
   815.064     0.001839
   816.004     0.001829
   817.007     0.001824
   818.013     0.001822
   819.004     0.001820
   820.011     0.001820
   821.061     0.001812
   822.004     0.001809
   823.004     0.001803
   824.009     0.001809
   825.004     0.001808
   826.008     0.001800
   827.008     0.001797
   828.005     0.001787
   829.004     0.001784
   830.006     0.001789
   831.004     0.001800
   832.004     0.001797
   833.004     0.001788
   834.004     0.001789
   835.004     0.001786
   836.020     0.001768
   837.004     0.001767
   838.004     0.001775
   839.018     0.001779
   840.004     0.001767
   841.004     0.001773
   842.048     0.001771
   843.004     0.001767
   844.004     0.001771
   845.004     0.001769
   846.004     0.001754
   847.013     0.001756
   848.045     0.001754
   849.004     0.001758
   850.004     0.001747
   851.011     0.001764
   852.004     0.001757
   853.009     0.001760
   854.041     0.001759
   855.004     0.001760
   856.004     0.001748
   857.007     0.001754
   858.004     0.001746
   859.006     0.001752
   860.005     0.001737
   861.011     0.001742
   862.004     0.001740
   863.004     0.001743
   864.009     0.001735
   865.004     0.001747
   866.004     0.001731
   867.017     0.001738
   868.004     0.001740
   869.004     0.001747
   870.016     0.001737
   871.004     0.001730
   872.004     0.001736
   873.014     0.001751
   874.004     0.001739
   875.030     0.001730
   876.012     0.001730
   877.004     0.001732
   878.004     0.001741
   879.010     0.001719
   880.004     0.001724
   881.027     0.001723
   882.008     0.001719
   883.004     0.001717
   884.004     0.001709
   885.007     0.001716
   886.004     0.001722
   887.023     0.001723
   888.004     0.001716
   889.004     0.001735
   890.004     0.001725
   891.004     0.001699
   892.004     0.001701
   893.004     0.001699
   894.020     0.001717
   895.021     0.001719
   896.004     0.001719
   897.018     0.001709
   898.019     0.001709
   899.004     0.001704
   900.016     0.001700
   901.017     0.001710
   902.004     0.001712
   903.064     0.001710
   904.015     0.001708
   905.004     0.001710
   906.012     0.001704
   907.004     0.001712
   908.011     0.001710
   909.060     0.001720
   910.004     0.001710
   911.004     0.001720
   912.009     0.001693
   913.004     0.001698
   914.007     0.001710
   915.057     0.001718
   916.008     0.001717
   917.004     0.001709
   918.006     0.001716
   919.004     0.001721
   920.021     0.001708
   921.004     0.001696
   922.005     0.001703
   923.004     0.001688
   924.004     0.001690
   925.004     0.001699
   926.004     0.001688
   927.004     0.001686
   928.004     0.001694
   929.010     0.001680
   930.004     0.001683
   931.004     0.001677
   932.019     0.001680
   933.004     0.001683
   934.004     0.001681
   935.017     0.001673
   936.044     0.001664
   937.004     0.001656
   938.015     0.001656
   939.004     0.001651
   940.004     0.001661
   941.009     0.001665
   942.040     0.001656
   943.004     0.001656
   944.011     0.001653
   945.004     0.001661
   946.004     0.001654
   947.005     0.001649
   948.037     0.001636
   949.004     0.001644
   950.008     0.001645
   951.004     0.001669
   952.004     0.001664
   953.019     0.001659
   954.004     0.001654
   955.004     0.001671
   956.004     0.001671
   957.004     0.001679
   958.004     0.001670
   959.004     0.001675
   960.004     0.001663
   961.004     0.001661
   962.004     0.001664
   963.020     0.001656
   964.004     0.001642
   965.005     0.001655
   966.018     0.001646
   967.004     0.001644
   968.004     0.001647
   969.024     0.001650
   970.005     0.001658
   971.004     0.001662
   972.006     0.001662
   973.004     0.001658
   974.004     0.001641
   975.021     0.001637
   976.004     0.001628
   977.004     0.001635
   978.011     0.001614
   979.020     0.001614
   980.004     0.001617
   981.018     0.001627
   982.018     0.001637
   983.004     0.001633
   984.008     0.001635
   985.016     0.001637
   986.004     0.001631
   987.006     0.001630
   988.015     0.001642
   989.004     0.001646
   990.004     0.001639
   991.013     0.001639
   992.004     0.001636
   993.004     0.001641
   994.011     0.001642
   995.005     0.001639
   996.004     0.001633
   997.059     0.001650
   998.004     0.001645
   999.004     0.001634
  1000.007     0.001620
  1001.004     0.001633
  1002.006     0.001633
  1003.055     0.001625
  1004.004     0.001630
  1005.004     0.001638
  1006.021     0.001625
  1007.004     0.001634
  1008.020     0.001651
  1009.051     0.001644
  1010.004     0.001642
  1011.004     0.001623
  1012.018     0.001632
  1013.004     0.001626
  1014.016     0.001627
  1015.016     0.001624
  1016.004     0.001624
  1017.004     0.001632
  1018.004     0.001638
  1019.004     0.001635
  1020.004     0.001622
  1021.004     0.001627
  1022.004     0.001614
  1023.004     0.001610
  1024.010     0.001614
  1025.004     0.001609
  1026.004     0.001612
  1027.008     0.001610
  1028.021     0.001609
  1029.004     0.001612
  1030.038     0.001612
  1031.009     0.001601
  1032.004     0.001599
  1033.005     0.001609
  1034.007     0.001620
  1035.004     0.001622
  1036.035     0.001622
  1037.005     0.001613
  1038.004     0.001607
  1039.004     0.001610
  1040.004     0.001612
  1041.004     0.001615
  1042.031     0.001611
  1043.012     0.001603
  1044.004     0.001604
  1045.004     0.001610
  1046.010     0.001612
  1047.004     0.001609
  1048.004     0.001609
  1049.008     0.001609
  1050.004     0.001604
  1051.004     0.001617
  1052.006     0.001593
  1053.004     0.001599
  1054.004     0.001596
  1055.004     0.001591
  1056.005     0.001602
  1057.004     0.001592
  1058.005     0.001598
  1059.004     0.001588
  1060.004     0.001604
  1061.020     0.001602
  1062.020     0.001602
  1063.018     0.001603
  1064.067     0.001601
  1065.018     0.001612
  1066.004     0.001610
  1067.016     0.001609
  1068.016     0.001602
  1069.014     0.001601
  1070.064     0.001607
  1071.014     0.001604
  1072.004     0.001589
  1073.013     0.001609
  1074.012     0.001594
  1075.011     0.001602
  1076.011     0.001609
  1077.004     0.001614
  1078.004     0.001605
  1079.009     0.001596
  1080.004     0.001595
  1081.004     0.001598
  1082.007     0.001602
  1083.004     0.001605
  1084.004     0.001610
  1085.005     0.001596
  1086.005     0.001594
  1087.004     0.001594
  1088.004     0.001590
  1089.004     0.001581
  1090.004     0.001579
  1091.051     0.001590
  1092.004     0.001591
  1093.021     0.001592
  1094.004     0.001589
  1095.004     0.001584
  1096.015     0.001581
  1097.047     0.001575
  1098.004     0.001581
  1099.007     0.001574
  1100.004     0.001572
  1101.004     0.001573
  1102.012     0.001582
  1103.043     0.001588
  1104.004     0.001577
  1105.013     0.001575
  1106.004     0.001566
  1107.004     0.001566
  1108.008     0.001568
  1109.004     0.001572
  1110.004     0.001551
  1111.010     0.001548
  1112.004     0.001549
  1113.004     0.001571
  1114.008     0.001565
  1115.004     0.001557
  1116.004     0.001566
  1117.006     0.001560
  1118.004     0.001560
  1119.004     0.001551
  1120.004     0.001548
  1121.024     0.001560
  1122.004     0.001556
  1123.004     0.001549
  1124.031     0.001564
  1125.004     0.001557
  1126.004     0.001564
  1127.020     0.001569
  1128.004     0.001562
  1129.004     0.001554
  1130.028     0.001557
  1131.004     0.001565
  1132.004     0.001563
  1133.016     0.001565
  1134.004     0.001561
  1135.004     0.001554
  1136.023     0.001560
  1137.004     0.001558
  1138.004     0.001556
  1139.013     0.001561
  1140.004     0.001562
  1141.004     0.001558
  1142.005     0.001569
  1143.019     0.001561
  1144.004     0.001569
  1145.004     0.001553
  1146.018     0.001556
  1147.004     0.001556
  1148.007     0.001562
  1149.016     0.001560
  1150.004     0.001569
  1151.005     0.001561
  1152.063     0.001549
  1153.004     0.001550
  1154.007     0.001547
  1155.012     0.001552
  1156.004     0.001549
  1157.010     0.001542
  1158.060     0.001542
  1159.004     0.001541
  1160.004     0.001548
  1161.008     0.001551
  1162.004     0.001562
  1163.007     0.001552
  1164.056     0.001560
  1165.004     0.001564
  1166.004     0.001561
  1167.005     0.001560
  1168.004     0.001569
  1169.020     0.001562
  1170.020     0.001557
  1171.004     0.001561
  1172.004     0.001564
  1173.019     0.001551
  1174.004     0.001556
  1175.004     0.001559
  1176.017     0.001551
  1177.004     0.001553
  1178.004     0.001550
  1179.015     0.001544
  1180.004     0.001546
  1181.004     0.001542
  1182.013     0.001539
  1183.004     0.001539
  1184.004     0.001545
  1185.043     0.001548
  1186.004     0.001557
  1187.004     0.001544
  1188.009     0.001538
  1189.004     0.001543
  1190.008     0.001542
  1191.039     0.001550
  1192.020     0.001555
  1193.004     0.001540
  1194.006     0.001545
  1195.018     0.001540
  1196.004     0.001543
  1197.036     0.001540
  1198.016     0.001544
  1199.004     0.001561
  1200.004     0.001541
  1201.015     0.001546
  1202.005     0.001551
  1203.004     0.001537
  1204.004     0.001535
  1205.004     0.001535
  1206.004     0.001540
  1207.004     0.001542
  1208.004     0.001534
  1209.004     0.001540
  1210.004     0.001545
  1211.004     0.001542
  1212.004     0.001549
  1213.007     0.001545
  1214.004     0.001549
  1215.004     0.001550
  1216.005     0.001561
  1217.004     0.001556
  1218.023     0.001551
  1219.004     0.001552
  1220.004     0.001546
  1221.004     0.001544
  1222.004     0.001534
  1223.011     0.001542
  1224.020     0.001545
  1225.004     0.001545
  1226.020     0.001545
  1227.004     0.001550
  1228.004     0.001524
  1229.007     0.001534
  1230.020     0.001539
  1231.020     0.001534
  1232.016     0.001533
  1233.004     0.001531
  1234.018     0.001534
  1235.004     0.001533
  1236.004     0.001538
  1237.016     0.001538
  1238.012     0.001527
  1239.004     0.001536
  1240.014     0.001537
  1241.010     0.001535
  1242.004     0.001538
  1243.012     0.001525
  1244.008     0.001522
  1245.004     0.001525
  1246.060     0.001521
  1247.006     0.001518
  1248.004     0.001526
  1249.009     0.001517
  1250.004     0.001521
  1251.007     0.001517
  1252.056     0.001516
  1253.004     0.001514
  1254.004     0.001526
  1255.005     0.001525
  1256.004     0.001520
  1257.021     0.001522
  1258.053     0.001535
  1259.004     0.001533
  1260.018     0.001527
  1261.004     0.001535
  1262.004     0.001527
  1263.017     0.001529
  1264.004     0.001527
  1265.004     0.001525
  1266.005     0.001528
  1267.004     0.001509
  1268.004     0.001519
  1269.004     0.001520
  1270.004     0.001516
  1271.004     0.001511
  1272.005     0.001524
  1273.004     0.001528
  1274.004     0.001523
  1275.004     0.001517
  1276.004     0.001524
  1277.004     0.001514
  1278.007     0.001516
  1279.040     0.001516
  1280.004     0.001519
  1281.006     0.001516
  1282.004     0.001525
  1283.004     0.001530
  1284.004     0.001527
  1285.036     0.001509
  1286.004     0.001508
  1287.004     0.001522
  1288.004     0.001517
  1289.004     0.001524
  1290.004     0.001521
  1291.032     0.001515
  1292.004     0.001511
  1293.004     0.001510
  1294.018     0.001523
  1295.004     0.001514
  1296.005     0.001519
  1297.016     0.001510
  1298.004     0.001516
  1299.004     0.001504
  1300.014     0.001514
  1301.004     0.001511
  1302.004     0.001509
  1303.012     0.001522
  1304.004     0.001511
  1305.004     0.001517
  1306.010     0.001511
  1307.004     0.001515
  1308.004     0.001525
  1309.009     0.001508
  1310.004     0.001508
  1311.004     0.001518
  1312.021     0.001507
  1313.004     0.001504
  1314.004     0.001495
  1315.004     0.001502
  1316.020     0.001499
  1317.004     0.001491
  1318.018     0.001489
  1319.067     0.001505
  1320.004     0.001510
  1321.004     0.001507
  1322.016     0.001491
  1323.004     0.001480
  1324.014     0.001477
  1325.014     0.001475
  1326.004     0.001489
  1327.004     0.001475
  1328.012     0.001482
  1329.004     0.001491
  1330.004     0.001497
  1331.011     0.001488
  1332.004     0.001492
  1333.004     0.001484
  1334.009     0.001486
  1335.004     0.001483
  1336.004     0.001485
  1337.007     0.001500
  1338.004     0.001490
  1339.004     0.001505
  1340.055     0.001499
  1341.004     0.001498
  1342.004     0.001491
  1343.021     0.001503
  1344.004     0.001501
  1345.019     0.001510
  1346.051     0.001508
  1347.004     0.001504
  1348.004     0.001490
  1349.017     0.001491
  1350.004     0.001490
  1351.015     0.001494
  1352.048     0.001504
  1353.004     0.001502
  1354.004     0.001511
  1355.013     0.001505
  1356.020     0.001494
  1357.012     0.001480
  1358.011     0.001474
  1359.018     0.001478
  1360.004     0.001486
  1361.010     0.001478
  1362.016     0.001473
  1363.004     0.001460
  1364.004     0.001461
  1365.014     0.001457
  1366.004     0.001463
  1367.006     0.001469
  1368.013     0.001474
  1369.004     0.001466
  1370.004     0.001468
  1371.011     0.001458
  1372.004     0.001454
  1373.034     0.001453
  1374.009     0.001461
  1375.004     0.001454
  1376.004     0.001446
  1377.004     0.001457
  1378.004     0.001454
  1379.031     0.001449
  1380.004     0.001449
  1381.004     0.001448
  1382.004     0.001440
  1383.004     0.001434
  1384.004     0.001451
  1385.027     0.001471
  1386.004     0.001466
  1387.021     0.001464
  1388.004     0.001464
  1389.004     0.001464
  1390.019     0.001464
  1391.004     0.001466
  1392.004     0.001463
  1393.007     0.001471
  1394.004     0.001472
  1395.004     0.001471
  1396.006     0.001467
  1397.004     0.001473
  1398.020     0.001468
  1399.014     0.001472
  1400.004     0.001470
  1401.067     0.001468
  1402.012     0.001471
  1403.004     0.001466
  1404.016     0.001478
  1405.010     0.001485
  1406.014     0.001469
  1407.064     0.001464
  1408.008     0.001461
  1409.004     0.001474
  1410.012     0.001460
  1411.006     0.001470
  1412.011     0.001472
  1413.060     0.001470
  1414.005     0.001469
  1415.004     0.001473
  1416.009     0.001473
  1417.004     0.001461
  1418.007     0.001455
  1419.007     0.001458
  1420.004     0.001453
  1421.020     0.001444
  1422.005     0.001448
  1423.004     0.001452
  1424.019     0.001458
  1425.004     0.001454
  1426.004     0.001471
  1427.017     0.001462
  1428.004     0.001468
  1429.004     0.001460
  1430.015     0.001460
  1431.004     0.001450
  1432.004     0.001455
  1433.013     0.001460
  1434.047     0.001449
  1435.005     0.001434
  1436.011     0.001453
  1437.004     0.001444
  1438.004     0.001443
  1439.012     0.001439
  1440.044     0.001442
  1441.004     0.001437
  1442.004     0.001441
  1443.004     0.001439
  1444.004     0.001436
  1445.008     0.001455
  1446.040     0.001442
  1447.004     0.001444
  1448.004     0.001456
  1449.004     0.001456
  1450.004     0.001459
  1451.004     0.001454
  1452.004     0.001451
  1453.004     0.001445
  1454.004     0.001444
  1455.010     0.001434
  1456.004     0.001436
  1457.004     0.001433
  1458.008     0.001442
  1459.004     0.001439
  1460.004     0.001445
  1461.006     0.001444
  1462.004     0.001445
  1463.004     0.001442
  1464.014     0.001443
