     1.009    -0.001786
     2.003    -0.001793
     3.004    -0.001766
     4.003    -0.001778
     5.003    -0.001780
     6.004    -0.001806
     7.004    -0.001807
     8.004    -0.001755
     9.023    -0.001718
    10.004    -0.001723
    11.004    -0.001666
    12.004    -0.001723
    13.004    -0.001667
    14.021    -0.001660
    15.021    -0.001676
    16.070    -0.001645
    17.019    -0.001642
    18.004    -0.001656
    19.018    -0.001610
    20.007    -0.001661
    21.017    -0.001624
    22.016    -0.001632
    23.005    -0.001613
    24.004    -0.001610
    25.014    -0.001589
    26.004    -0.001574
    27.004    -0.001568
    28.012    -0.001597
    29.011    -0.001657
    30.004    -0.001623
    31.010    -0.001647
    32.009    -0.001659
    33.004    -0.001580
    34.008    -0.001524
    35.008    -0.001522
    36.004    -0.001434
    37.056    -0.001434
    38.006    -0.001463
    39.003    -0.001471
    40.004    -0.001463
    41.004    -0.001425
    42.021    -0.001394
    43.052    -0.001465
    44.004    -0.001480
    45.003    -0.001409
    46.004    -0.001375
    47.004    -0.001384
    48.017    -0.001396
    49.049    -0.001408
    50.004    -0.001398
    51.017    -0.001419
    52.004    -0.001361
    53.004    -0.001391
    54.013    -0.001359
    55.004    -0.001303
    56.004    -0.001330
    57.013    -0.001352
    58.004    -0.001360
    59.003    -0.001336
    60.011    -0.001355
    61.004    -0.001385
    62.004    -0.001371
    63.009    -0.001371
    64.004    -0.001294
    65.003    -0.001293
    66.004    -0.001310
    67.004    -0.001278
    68.004    -0.001324
    69.004    -0.001278
    70.035    -0.001285
    71.004    -0.001285
    72.004    -0.001281
    73.004    -0.001307
    74.004    -0.001289
    75.007    -0.001187
    76.031    -0.001195
    77.004    -0.001155
    78.004    -0.001101
    79.019    -0.001106
    80.004    -0.001193
    81.004    -0.001172
    82.027    -0.001157
    83.004    -0.001151
    84.004    -0.001117
    85.005    -0.001134
    86.003    -0.001135
    87.004    -0.001118
    88.004    -0.001199
    89.004    -0.001218
    90.004    -0.001198
    91.011    -0.001173
    92.004    -0.001108
    93.004    -0.001099
    94.010    -0.001131
    95.020    -0.001119
    96.004    -0.001146
    97.008    -0.001111
    98.068    -0.001094
    99.004    -0.001071
   100.006    -0.001074
   101.016    -0.001091
   102.004    -0.001103
   103.015    -0.001042
   104.064    -0.001009
   105.004    -0.000997
   106.003    -0.001024
   107.012    -0.001030
   108.004    -0.000997
   109.011    -0.001026
   110.060    -0.001005
   111.004    -0.000969
   112.004    -0.000976
   113.008    -0.001023
   114.004    -0.001008
   115.007    -0.001023
   116.006    -0.001002
   117.003    -0.000949
   118.004    -0.000982
   119.004    -0.000953
   120.004    -0.000952
   121.004    -0.000937
   122.020    -0.000935
   123.004    -0.000882
   124.004    -0.000930
   125.018    -0.000900
   126.004    -0.000894
   127.004    -0.000907
   128.016    -0.000897
   129.003    -0.000888
   130.003    -0.000815
   131.047    -0.000858
   132.003    -0.000854
   133.004    -0.000813
   134.004    -0.000822
   135.004    -0.000842
   136.011    -0.000874
   137.043    -0.000891
   138.021    -0.000875
   139.003    -0.000899
   140.008    -0.000928
   141.019    -0.000882
   142.007    -0.000857
   143.039    -0.000853
   144.017    -0.000825
   145.004    -0.000833
   146.004    -0.000859
   147.005    -0.000854
   148.004    -0.000830
   149.004    -0.000814
   150.004    -0.000792
   151.003    -0.000761
   152.004    -0.000813
   153.004    -0.000798
   154.003    -0.000841
   155.004    -0.000872
   156.009    -0.000862
   157.003    -0.000826
   158.004    -0.000813
   159.008    -0.000820
   160.004    -0.000823
   161.004    -0.000782
   162.006    -0.000836
   163.004    -0.000800
   164.025    -0.000785
   165.004    -0.000795
   166.003    -0.000755
   167.004    -0.000758
   168.004    -0.000758
   169.011    -0.000732
   170.022    -0.000740
   171.004    -0.000708
   172.019    -0.000699
   173.004    -0.000725
   174.020    -0.000714
   175.007    -0.000676
   176.019    -0.000749
   177.018    -0.000740
   178.015    -0.000640
   179.004    -0.000689
   180.016    -0.000656
   181.013    -0.000684
   182.004    -0.000665
   183.014    -0.000696
   184.012    -0.000716
   185.004    -0.000659
   186.012    -0.000651
   187.010    -0.000706
   188.004    -0.000698
   189.010    -0.000699
   190.008    -0.000712
   191.003    -0.000687
   192.058    -0.000744
   193.004    -0.000738
   194.004    -0.000739
   195.007    -0.000655
   196.004    -0.000614
   197.005    -0.000643
   198.055    -0.000620
   199.003    -0.000630
   200.003    -0.000634
   201.003    -0.000639
   202.004    -0.000666
   203.019    -0.000652
   204.051    -0.000604
   205.004    -0.000632
   206.017    -0.000641
   207.003    -0.000613
   208.004    -0.000641
   209.015    -0.000693
   210.003    -0.000623
   211.003    -0.000586
   212.004    -0.000658
   213.004    -0.000646
   214.004    -0.000629
   215.003    -0.000572
   216.003    -0.000565
   217.004    -0.000561
   218.003    -0.000559
   219.004    -0.000542
   220.004    -0.000528
   221.008    -0.000525
   222.004    -0.000550
   223.004    -0.000539
   224.006    -0.000532
   225.037    -0.000498
   226.004    -0.000488
   227.004    -0.000492
   228.003    -0.000490
   229.003    -0.000517
   230.009    -0.000482
   231.034    -0.000486
   232.003    -0.000482
   233.004    -0.000523
   234.019    -0.000598
   235.004    -0.000510
   236.005    -0.000550
   237.030    -0.000530
   238.004    -0.000529
   239.003    -0.000560
   240.016    -0.000548
   241.004    -0.000520
   242.011    -0.000443
   243.014    -0.000452
   244.004    -0.000481
   245.004    -0.000460
   246.012    -0.000420
   247.004    -0.000466
   248.004    -0.000450
   249.010    -0.000419
   250.004    -0.000400
   251.004    -0.000388
   252.008    -0.000392
   253.069    -0.000359
   254.004    -0.000372
   255.004    -0.000367
   256.017    -0.000340
   257.003    -0.000332
   258.016    -0.000304
   259.066    -0.000283
   260.004    -0.000294
   261.004    -0.000291
   262.014    -0.000292
   263.004    -0.000327
   264.012    -0.000396
   265.062    -0.000313
   266.004    -0.000312
   267.004    -0.000277
   268.010    -0.000242
   269.004    -0.000244
   270.009    -0.000243
   271.008    -0.000238
   272.004    -0.000172
   273.003    -0.000126
   274.006    -0.000152
   275.004    -0.000185
   276.004    -0.000162
   277.004    -0.000100
   278.004    -0.000157
   279.003    -0.000149
   280.020    -0.000263
   281.003    -0.000196
   282.004    -0.000178
   283.018    -0.000248
   284.004    -0.000221
   285.004    -0.000212
   286.048    -0.000203
   287.004    -0.000211
   288.004    -0.000229
   289.014    -0.000198
   290.004    -0.000234
   291.013    -0.000262
   292.045    -0.000232
   293.004    -0.000156
   294.004    -0.000217
   295.010    -0.000166
   296.010    -0.000222
   297.009    -0.000162
   298.041    -0.000198
   299.018    -0.000204
   300.003    -0.000245
   301.006    -0.000165
   302.016    -0.000163
   303.005    -0.000125
   304.003    -0.000172
   305.014    -0.000098
   306.004    -0.000086
   307.004    -0.000126
   308.012    -0.000122
   309.004    -0.000113
   310.004    -0.000173
   311.011    -0.000101
   312.004    -0.000129
   313.004    -0.000110
   314.008    -0.000096
   315.003    -0.000067
   316.004    -0.000042
   317.006    -0.000048
   318.003    -0.000063
   319.027    -0.000083
   320.004    -0.000103
   321.003    -0.000133
   322.004    -0.000087
   323.004    -0.000070
   324.003    -0.000034
   325.023    -0.000079
   326.004    -0.000088
   327.020    -0.000047
   328.004    -0.000054
   329.004    -0.000069
   330.018    -0.000053
   331.021    -0.000090
   332.020    -0.000110
   333.016    -0.000085
   334.004    -0.000180
   335.018    -0.000147
   336.005    -0.000120
   337.004    -0.000125
   338.016    -0.000102
   339.004    -0.000058
   340.004    -0.000117
   341.014    -0.000081
   342.011    -0.000055
   343.004    -0.000043
   344.012    -0.000064
   345.009    -0.000061
   346.004    -0.000045
   347.060    -0.000050
   348.007     0.000012
   349.004    -0.000043
   350.009    -0.000011
   351.005    -0.000051
   352.006     0.000005
   353.057    -0.000042
   354.003    -0.000040
   355.004    -0.000040
   356.005    -0.000028
   357.004     0.000027
   358.020     0.000025
   359.052     0.000014
   360.004     0.000000
   361.008     0.000042
   362.003     0.000081
   363.004     0.000035
   364.016     0.000009
   365.004     0.000039
   366.004     0.000026
   367.015     0.000022
   368.004    -0.000003
   369.004     0.000095
   370.013     0.000005
   371.004     0.000010
   372.004    -0.000002
   373.011     0.000036
   374.004    -0.000028
   375.003    -0.000023
   376.009     0.000021
   377.004    -0.000001
   378.004     0.000030
   379.007     0.000024
   380.039     0.000009
   381.003     0.000030
   382.004     0.000040
   383.004     0.000032
   384.004     0.000047
   385.020     0.000080
   386.035     0.000130
   387.004     0.000062
   388.004     0.000023
   389.021     0.000061
   390.004     0.000077
   391.007     0.000057
   392.031     0.000007
   393.003     0.000025
   394.003     0.000032
   395.017     0.000013
   396.003     0.000040
   397.003     0.000090
   398.005     0.000052
   399.003     0.000022
   400.004     0.000094
   401.004     0.000088
   402.004     0.000054
   403.004     0.000056
   404.004     0.000118
   405.004     0.000137
   406.004     0.000157
   407.009     0.000126
   408.004     0.000144
   409.003     0.000144
   410.007     0.000087
   411.003     0.000076
   412.004     0.000112
   413.019     0.000094
   414.068     0.000089
   415.004     0.000127
   416.004     0.000111
   417.017     0.000110
   418.004     0.000131
   419.015     0.000150
   420.064     0.000165
   421.003     0.000140
   422.004     0.000145
   423.013     0.000170
   424.003     0.000193
   425.011     0.000152
   426.011     0.000161
   427.003     0.000204
   428.003     0.000166
   429.009     0.000159
   430.004     0.000099
   431.004     0.000122
   432.007     0.000081
   433.004     0.000150
   434.004     0.000215
   435.005     0.000208
   436.004     0.000271
   437.004     0.000189
   438.021     0.000170
   439.004     0.000180
   440.004     0.000199
   441.051     0.000323
   442.004     0.000316
   443.004     0.000257
   444.017     0.000259
   445.004     0.000228
   446.015     0.000216
   447.047     0.000230
   448.003     0.000224
   449.004     0.000245
   450.004     0.000273
   451.021     0.000219
   452.011     0.000285
   453.043     0.000195
   454.019     0.000201
   455.004     0.000161
   456.010     0.000244
   457.017     0.000278
   458.008     0.000331
   459.007     0.000293
   460.005     0.000348
   461.004     0.000322
   462.006     0.000303
   463.004     0.000315
   464.004     0.000289
   465.004     0.000283
   466.004     0.000328
   467.003     0.000275
   468.003     0.000298
   469.010     0.000338
   470.004     0.000230
   471.004     0.000228
   472.008     0.000278
   473.004     0.000308
   474.030     0.000339
   475.006     0.000337
   476.003     0.000339
   477.003     0.000339
   478.004     0.000348
   479.003     0.000400
   480.026     0.000408
   481.004     0.000364
   482.004     0.000403
   483.004     0.000331
   484.003     0.000315
   485.009     0.000388
   486.022     0.000474
   487.003     0.000437
   488.018     0.000415
   489.003     0.000409
   490.003     0.000438
   491.006     0.000426
   492.003     0.000426
   493.019     0.000405
   494.014     0.000423
   495.003     0.000420
   496.017     0.000418
   497.012     0.000425
   498.004     0.000495
   499.016     0.000454
   500.010     0.000468
   501.004     0.000485
   502.063     0.000458
   503.008     0.000447
   504.004     0.000436
   505.012     0.000443
   506.004     0.000483
   507.010     0.000473
   508.059     0.000436
   509.003     0.000364
   510.004     0.000400
   511.008     0.000364
   512.004     0.000452
   513.006     0.000452
   514.055     0.000471
   515.003     0.000467
   516.020     0.000499
   517.004     0.000474
   518.004     0.000493
   519.020     0.000506
   520.003     0.000438
   521.004     0.000448
   522.016     0.000431
   523.004     0.000475
   524.004     0.000478
   525.004     0.000459
   526.003     0.000474
   527.004     0.000455
   528.004     0.000481
   529.003     0.000485
   530.004     0.000476
   531.004     0.000493
   532.004     0.000501
   533.004     0.000474
   534.004     0.000415
   535.042     0.000448
   536.004     0.000480
   537.006     0.000417
   538.004     0.000466
   539.004     0.000494
   540.006     0.000474
   541.038     0.000497
   542.004     0.000471
   543.004     0.000497
   544.004     0.000469
   545.004     0.000431
   546.004     0.000460
   547.035     0.000483
   548.004     0.000492
   549.004     0.000501
   550.018     0.000534
   551.004     0.000532
   552.003     0.000513
   553.016     0.000479
   554.003     0.000482
   555.004     0.000380
   556.014     0.000356
   557.004     0.000401
   558.004     0.000408
   559.012     0.000426
   560.004     0.000414
   561.003     0.000412
   562.011     0.000360
   563.004     0.000448
   564.003     0.000426
   565.009     0.000453
   566.004     0.000455
   567.004     0.000458
   568.021     0.000430
   569.004     0.000459
   570.004     0.000414
   571.004     0.000457
   572.019     0.000483
   573.004     0.000456
   574.017     0.000559
   575.067     0.000509
   576.004     0.000501
   577.004     0.000553
   578.015     0.000486
   579.004     0.000436
   580.014     0.000507
   581.014     0.000494
   582.003     0.000480
   583.003     0.000457
   584.012     0.000470
   585.003     0.000446
   586.003     0.000448
   587.010     0.000404
   588.004     0.000440
   589.004     0.000436
   590.008     0.000461
   591.004     0.000489
   592.004     0.000497
   593.006     0.000437
   594.004     0.000516
   595.003     0.000486
   596.053     0.000579
   597.003     0.000562
   598.004     0.000483
   599.020     0.000449
   600.004     0.000453
   601.018     0.000436
   602.050     0.000479
   603.003     0.000494
   604.004     0.000481
   605.016     0.000464
   606.004     0.000434
   607.014     0.000487
   608.046     0.000526
   609.011     0.000482
   610.003     0.000461
   611.012     0.000515
   612.019     0.000488
   613.010     0.000489
   614.010     0.000493
   615.017     0.000545
   616.004     0.000457
   617.008     0.000465
   618.015     0.000493
   619.003     0.000489
   620.004     0.000449
   621.013     0.000523
   622.003     0.000496
   623.004     0.000460
   624.011     0.000483
   625.003     0.000503
   626.004     0.000480
   627.009     0.000478
   628.004     0.000521
   629.033     0.000525
   630.007     0.000520
   631.003     0.000525
   632.003     0.000432
   633.004     0.000497
   634.004     0.000456
   635.029     0.000514
   636.003     0.000442
   637.004     0.000510
   638.004     0.000546
   639.004     0.000560
   640.004     0.000563
   641.025     0.000564
   642.004     0.000569
   643.019     0.000548
   644.004     0.000560
   645.004     0.000520
   646.017     0.000552
   647.004     0.000569
   648.004     0.000540
   649.005     0.000543
   650.004     0.000535
   651.019     0.000442
   652.004     0.000441
   653.004     0.000574
   654.017     0.000589
   655.004     0.000511
   656.003     0.000578
   657.065     0.000524
   658.010     0.000631
   659.003     0.000607
   660.013     0.000596
   661.008     0.000632
   662.012     0.000625
   663.061     0.000664
   664.006     0.000647
   665.003     0.000604
   666.010     0.000622
   667.003     0.000627
   668.008     0.000627
   669.057     0.000595
   670.004     0.000565
   671.003     0.000544
   672.006     0.000602
   673.004     0.000612
   674.004     0.000675
   675.004     0.000625
   676.003     0.000627
   677.008     0.000589
   678.004     0.000604
   679.004     0.000581
   680.016     0.000557
   681.004     0.000525
   682.004     0.000613
   683.014     0.000601
   684.003     0.000595
   685.004     0.000630
   686.012     0.000653
   687.004     0.000611
   688.003     0.000663
   689.010     0.000586
   690.044     0.000524
   691.003     0.000622
   692.008     0.000627
   693.004     0.000583
   694.004     0.000654
