     0.000    -0.001070
     1.004    -0.000941
     2.012    -0.000904
     3.044    -0.000871
     4.004    -0.000867
     5.016    -0.000849
     6.004    -0.000818
     7.004    -0.000805
     8.007    -0.000779
     9.004    -0.000761
    10.003    -0.000752
    11.011    -0.000742
    12.004    -0.000735
    13.004    -0.000717
    14.004    -0.000708
    15.004    -0.000695
    16.004    -0.000684
    17.003    -0.000676
    18.004    -0.000659
    19.004    -0.000657
    20.004    -0.000640
    21.004    -0.000635
    22.004    -0.000625
    23.004    -0.000625
    24.028    -0.000614
    25.004    -0.000603
    26.004    -0.000588
    27.020    -0.000579
    28.004    -0.000573
    29.004    -0.000565
    30.024    -0.000561
    31.003    -0.000548
    32.004    -0.000535
    33.005    -0.000527
    34.003    -0.000528
    35.004    -0.000513
    36.020    -0.000507
    37.019    -0.000506
    38.004    -0.000494
    39.011    -0.000489
    40.017    -0.000488
    41.004    -0.000490
    42.009    -0.000490
    43.015    -0.000474
    44.003    -0.000472
    45.007    -0.000461
    46.013    -0.000449
    47.004    -0.000450
    48.004    -0.000438
    49.011    -0.000440
    50.004    -0.000427
    51.004    -0.000418
    52.058    -0.000421
    53.004    -0.000419
    54.004    -0.000410
    55.006    -0.000412
    56.003    -0.000407
    57.005    -0.000399
    58.054    -0.000392
    59.004    -0.000392
    60.004    -0.000377
    61.019    -0.000373
    62.004    -0.000370
    63.018    -0.000375
    64.050    -0.000356
    65.004    -0.000361
    66.004    -0.000368
    67.015    -0.000343
    68.004    -0.000348
    69.014    -0.000334
    70.013    -0.000336
    71.004    -0.000336
    72.003    -0.000339
    73.011    -0.000328
    74.004    -0.000332
    75.003    -0.000325
    76.004    -0.000324
    77.004    -0.000309
    78.003    -0.000320
    79.004    -0.000308
    80.021    -0.000311
    81.004    -0.000319
    82.003    -0.000314
    83.019    -0.000312
    84.003    -0.000315
    85.036    -0.000312
    86.017    -0.000309
    87.003    -0.000310
    88.004    -0.000313
    89.015    -0.000309
    90.004    -0.000304
    91.031    -0.000323
    92.004    -0.000322
    93.003    -0.000323
    94.003    -0.000319
    95.004    -0.000319
    96.003    -0.000310
    97.027    -0.000315
    98.004    -0.000309
    99.004    -0.000316
   100.004    -0.000313
   101.004    -0.000302
   102.004    -0.000306
   103.004    -0.000314
   104.004    -0.000301
   105.004    -0.000303
   106.004    -0.000278
   107.020    -0.000272
   108.021    -0.000271
   109.004    -0.000272
   110.018    -0.000261
   111.009    -0.000263
   112.003    -0.000254
   113.065    -0.000257
   114.007    -0.000253
   115.004    -0.000254
   116.013    -0.000243
   117.015    -0.000254
   118.012    -0.000252
   119.061    -0.000248
   120.012    -0.000251
   121.004    -0.000250
   122.009    -0.000250
   123.003    -0.000247
   124.008    -0.000237
   125.057    -0.000235
   126.008    -0.000230
   127.004    -0.000230
   128.005    -0.000228
   129.006    -0.000236
   130.021    -0.000242
   131.003    -0.000226
   132.004    -0.000232
   133.004    -0.000236
   134.004    -0.000224
   135.004    -0.000212
   136.021    -0.000213
   137.004    -0.000208
   138.004    -0.000211
   139.019    -0.000219
   140.004    -0.000203
   141.003    -0.000207
   142.017    -0.000208
   143.004    -0.000212
   144.004    -0.000205
   145.015    -0.000209
   146.042    -0.000209
   147.004    -0.000208
   148.012    -0.000206
   149.004    -0.000198
   150.003    -0.000197
   151.006    -0.000198
   152.038    -0.000202
   153.003    -0.000209
   154.008    -0.000204
   155.004    -0.000201
   156.003    -0.000196
   157.019    -0.000203
   158.033    -0.000194
   159.004    -0.000194
   160.003    -0.000185
   161.003    -0.000188
   162.003    -0.000185
   163.005    -0.000189
   164.003    -0.000195
   165.004    -0.000184
   166.003    -0.000185
   167.019    -0.000186
   168.004    -0.000187
   169.004    -0.000188
   170.017    -0.000190
   171.003    -0.000178
   172.003    -0.000183
   173.005    -0.000189
   174.004    -0.000191
   175.004    -0.000190
   176.003    -0.000176
   177.020    -0.000182
   178.003    -0.000187
   179.019    -0.000186
   180.068    -0.000187
   181.003    -0.000186
   182.008    -0.000180
   183.016    -0.000193
   184.004    -0.000193
   185.014    -0.000188
   186.064    -0.000200
   187.004    -0.000195
   188.004    -0.000196
   189.011    -0.000203
   190.004    -0.000185
   191.010    -0.000200
   192.009    -0.000200
   193.004    -0.000198
   194.004    -0.000212
   195.007    -0.000212
   196.004    -0.000214
   197.004    -0.000225
   198.005    -0.000231
   199.003    -0.000221
   200.004    -0.000221
   201.020    -0.000215
   202.004    -0.000220
   203.004    -0.000233
   204.018    -0.000236
   205.004    -0.000237
   206.004    -0.000243
   207.049    -0.000230
   208.004    -0.000240
   209.003    -0.000232
   210.014    -0.000230
   211.004    -0.000238
   212.013    -0.000236
   213.045    -0.000235
   214.003    -0.000237
   215.004    -0.000232
   216.010    -0.000237
   217.004    -0.000232
   218.009    -0.000232
   219.040    -0.000222
   220.004    -0.000228
   221.004    -0.000233
   222.004    -0.000224
   223.020    -0.000227
   224.004    -0.000232
   225.004    -0.000235
   226.017    -0.000232
   227.004    -0.000229
   228.003    -0.000225
   229.015    -0.000228
   230.003    -0.000225
   231.004    -0.000218
   232.013    -0.000219
   233.004    -0.000228
   234.004    -0.000223
   235.004    -0.000229
   236.004    -0.000227
   237.004    -0.000229
   238.003    -0.000229
   239.004    -0.000233
   240.026    -0.000228
   241.004    -0.000226
   242.004    -0.000218
   243.003    -0.000215
   244.005    -0.000210
   245.004    -0.000226
   246.022    -0.000218
   247.004    -0.000220
   248.004    -0.000218
   249.003    -0.000216
   250.020    -0.000217
   251.010    -0.000210
   252.018    -0.000211
   253.018    -0.000208
   254.008    -0.000211
   255.004    -0.000206
   256.016    -0.000210
   257.006    -0.000206
   258.004    -0.000198
   259.014    -0.000212
   260.014    -0.000215
   261.004    -0.000207
   262.011    -0.000212
   263.012    -0.000207
   264.003    -0.000205
   265.009    -0.000207
   266.010    -0.000212
   267.004    -0.000210
   268.057    -0.000215
   269.007    -0.000224
   270.004    -0.000207
   271.005    -0.000205
   272.005    -0.000198
   273.004    -0.000201
   274.053    -0.000196
   275.004    -0.000197
   276.003    -0.000200
   277.004    -0.000196
   278.004    -0.000206
   279.017    -0.000197
   280.049    -0.000188
   281.004    -0.000195
   282.018    -0.000193
   283.003    -0.000186
   284.004    -0.000193
   285.013    -0.000200
   286.003    -0.000193
   287.003    -0.000187
   288.014    -0.000188
   289.004    -0.000203
   290.004    -0.000197
   291.012    -0.000185
   292.004    -0.000193
   293.004    -0.000197
   294.010    -0.000193
   295.004    -0.000193
   296.003    -0.000187
   297.004    -0.000188
   298.004    -0.000187
   299.004    -0.000183
   300.004    -0.000178
   301.034    -0.000174
   302.004    -0.000173
   303.004    -0.000169
   304.004    -0.000176
   305.004    -0.000166
   306.006    -0.000184
   307.030    -0.000170
   308.003    -0.000171
   309.003    -0.000175
   310.019    -0.000173
   311.004    -0.000177
   312.004    -0.000177
   313.026    -0.000176
   314.004    -0.000174
